Solution
                  [5]                                          [2] 2  2  2  2  2  2  2  2  2  2  2  2  2  2  2  2  2  2  2  2  2 [2] 2  2  2  2  2    
                   5                                                                                                                             2    
                   5                                                                                                                             2    
                   5  5  5  5  5  5  5  5  5  5  5  5  5  5  5  5  5  5  5  5  5  5  5  5  5  5  5  5  5  5  5  5  5  5  5  5  5  5  5  5  5  5  2    
                                                          5                                         5                                     [9] 5  2    
                                                          5                                         5                                      9  5  2    
                                                         [5]                                        5                                      9  5  2    
 4  4  4  4  4  4  4  4  4  4  4  4  4  4  4  4  4  4  4  4  4  4  4  4  4  4  4  4  4  4  4        5                   [4]                9  5  2    
 4    [3]                                                                              [9] 4        5                    4                 9  5  2    
 4     3                                                                                9  4        5                    4                 9  5  2    
 4     3                                                                                9  4        5                    4                 9  5  2    
 4     3                                                                                9  4        5                    4                 9  5  2    
 4     3                                                                                9  4        5                    4                 9  5  2    
 4     3                                                                                9  4        5                    4                 9  5  2    
 4    [3]                                                                               9  4        5                    4                 9  5  2    
 4     3                                                                                9  4        5  4  4  4  4  4  4  4                 9  5  2    
 4     3                                                                                9  4       [5] 4                                   9  5  2    
 4  3  3                                                                                9  4  4  4  4  4                                   9  5  2    
 4  3                                                                                   9                                                  9  5  2    
 4  3                                                                                   9                                                  9  5  2    
 4  3                                                                                   9                                                  9  5  2    
 4  3                                   9  9  9  9  9  9  9  9  9  9  9  9  9  9  9  9  9  9  9  9  9  9  9  9  9  9  9  9  9  9  9  9  9  9  5  2    
 4  3                                   9 [3]                                                                         9                       5  2    
 4  3 [9] 9  9  9  9  9  9  9  9  9  9  9  3                                                                          9                       5  2    
 4  3  3  3  9                             3                                                                          9                       5  2    
 4  4  4  3  9                             3                                                                          9                       5  2    
       4  3  9                             3                                                                          9                       5  2    
      [4] 3  9                             3 [3]                                                                     [9]                      5  2    
       4  3  9                             3                                                                                                  5  2    
       4  3  9              3  3  3  3  3  3                                                                                            5  5  5  2    
       4  3  9              3                                                                                                           5 [2] 2  2    
       4  3 [9]             3                                                                                                           5     2       
       4  3  3  3  3  3  3  3                                                                [4]            [4]                         5     2       
       4  4  4  4  4  4  4  3                                                                 4              4                          5     2       
                         4  3                                                                 4              4                          5     2       
                         4  3                                                                 4              4                          5     2       
                         4 [3]                                                                4              4                          5     2       
                         4  4  4  4  4  4  4  4  4  4  4  4  4  4  4  4  4  4  4  4  4  4  4  4  4  4  4  4  4 [2]                  [5] 5 [5] 2       
                                                                            4                    2  2  2  2  2  2  2  2  2  2  2  2  2  2  2  2       
                                                                            4                    2                                                    
                                                                            4                    2                                                    
                                                                            4                    2                                                    
                                                                            4                    2                                                    
                                                                            4                    2                                                    
                                                                            4                    2                                                    
                                                                            4                    2                                                    
                                                                            4                    2                                                    
                                                                           [4]                   2                                                    
                                                                                                 2                                                    
                                                                                                [2]                                                   
